1 1 4 67 78 139 366
2 2 5 14 25 210 221 460
3 3 7 0 30 86 88 131 308 498
4 4 14 45 72 74 120 239 288 321 348 364 366 434 459 470 481
5 5 14 56 135 162 166 186 232 253 315 376 384 396 433 445 478
6 6 11 16 48 98 121 130 184 187 244 250 319 494
7 7 3 175 220 308
8 8 13 34 72 100 117 140 141 157 185 244 301 376 413 431
9 9 12 38 67 68 148 177 183 185 187 261 346 419 478
10 10 14 1 56 70 86 99 123 146 186 308 342 386 406 416 448
11 11 9 16 22 48 50 219 310 408 439 452
12 12 19 4 6 14 18 48 56 87 113 145 154 244 250 331 396 414 427 447 448 459
13 13 9 30 38 117 140 191 218 271 277 499
14 14 8 6 18 108 144 186 207 233 269
15 15 11 21 115 146 197 242 376 403 424 457 490 492
16 16 13 0 30 146 269 291 308 325 331 427 451 474 478 494
17 17 14 26 91 107 121 147 189 190 230 267 308 395 406 427 455
18 18 11 10 97 113 141 274 286 323 331 370 408 478
19 19 8 11 56 99 116 118 147 210 308
20 20 8 146 159 178 187 234 274 406 449
21 21 5 91 246 425 470 484
22 22 13 29 163 186 206 210 218 270 310 351 395 408 439 466
23 23 17 5 7 8 34 37 48 49 170 246 308 321 335 348 417 422 431 441
24 24 12 85 102 140 147 162 185 194 351 431 438 449 470
25 25 10 111 113 140 261 276 300 328 394 408 443
26 26 5 16 32 101 108 131
27 27 5 229 286 341 384 409
28 28 12 11 19 30 49 134 253 305 307 395 396 434 455
29 29 12 67 116 141 166 189 209 305 308 386 400 419 494
30 30 11 14 85 123 125 141 162 188 205 331 388 492
31 31 5 245 359 378 396 403
32 32 17 5 23 37 43 147 188 193 194 221 242 286 308 318 321 380 438 440
33 33 8 144 162 189 242 261 265 335 488
34 34 5 56 93 132 319 357
35 35 14 23 30 43 50 72 102 187 265 301 367 380 448 452 492
36 36 7 15 195 214 250 343 378 403
37 37 8 32 152 163 209 221 242 339 359
38 38 4 207 214 386 495
39 39 9 19 60 62 78 110 135 138 221 307
40 40 2 143 402
41 41 9 6 10 42 113 185 202 274 370 417
42 42 8 14 72 124 230 286 331 410 413
43 43 17 3 24 39 58 146 177 227 234 301 304 308 315 326 375 408 421 432
44 44 10 26 46 100 132 144 318 339 382 399 449
45 45 15 13 14 70 178 186 187 195 210 212 272 282 315 344 425 438
46 46 11 15 145 162 190 221 286 288 308 328 449 474
47 47 9 81 112 113 140 147 321 404 428 492
48 48 14 1 60 67 110 112 152 154 199 301 308 324 470 478 479
49 49 13 12 18 26 60 86 170 186 316 349 372 419 461 472
50 50 8 10 225 240 271 308 321 455 472
51 51 16 46 56 121 162 266 315 330 335 345 348 364 384 410 420 445 470
52 52 7 21 23 67 234 427 455 473
53 53 13 116 132 172 183 202 254 267 273 274 335 349 426 471
54 54 5 0 20 164 396 432
55 55 12 2 56 68 97 144 152 191 221 252 267 378 474
56 56 9 67 144 185 190 267 315 403 408 440
57 57 3 49 255 449
58 58 14 14 16 44 49 90 194 239 307 394 403 420 435 441 493
59 59 10 14 44 111 161 190 234 250 288 349 400
60 60 7 166 285 313 420 428 430 494
61 61 8 103 162 202 318 427 463 489 498
62 62 11 8 14 67 114 192 194 288 308 322 401 437
63 63 14 1 30 67 77 102 119 152 161 188 267 308 319 437 450
64 64 12 56 61 111 139 161 242 266 293 308 408 431 471
65 65 16 6 48 49 72 88 111 120 146 154 339 377 394 406 426 470 478
66 66 5 19 47 60 195 386
67 67 13 14 60 72 107 130 138 141 189 221 225 268 358 428
68 68 4 279 315 414 489
69 69 12 6 30 32 191 230 239 267 268 318 334 404 406
70 70 12 70 99 143 163 242 308 318 334 356 387 408 455
71 71 16 19 34 86 93 132 154 227 235 270 348 386 390 414 427 431 465
72 72 10 75 111 129 143 147 170 313 352 403 457
73 73 7 18 111 118 170 186 194 437
74 74 13 56 134 138 140 147 160 161 194 233 274 279 309 425
75 75 8 5 70 143 172 241 408 447 466
76 76 11 0 1 18 20 60 108 143 164 194 396 432
77 77 10 34 67 141 163 178 202 218 358 408 449
78 78 3 49 300 409
79 79 10 48 75 108 111 135 153 185 261 318 340
80 80 8 184 194 301 323 364 394 414 455
81 81 8 14 18 86 157 241 261 267 357
82 82 8 184 194 210 301 364 394 414 455
83 83 20 35 56 108 115 132 134 154 161 186 192 222 241 244 261 281 308 408 451 457 494
84 84 4 10 274 366 408
85 85 7 18 54 87 108 182 448 490
86 86 5 1 39 163 215 384
87 87 8 16 152 187 250 274 277 352 475
88 88 9 16 38 48 76 99 293 322 367 382
89 89 11 39 134 144 175 190 202 233 250 396 459 492
90 90 14 6 21 123 151 221 265 281 308 310 331 349 421 441 457
91 91 7 28 39 63 191 211 328 368
92 92 11 19 34 67 76 129 261 268 308 419 438 449
93 93 5 21 140 286 376 431
94 94 15 4 14 86 163 220 253 261 298 308 367 389 451 470 478 482
95 95 9 14 23 108 161 250 268 389 408 460
96 96 3 1 123 425
97 97 10 63 76 143 146 209 233 239 321 426 431
98 98 10 21 56 116 132 172 279 409 427 466 494
99 99 7 15 34 161 230 343 401 431
100 100 7 28 245 319 351 430 474 479
101 101 11 105 152 186 187 190 326 389 400 408 435 445
102 102 10 28 146 186 192 318 353 396 463 478 498
103 103 7 155 170 233 242 315 419 449
104 104 10 6 116 186 189 195 209 308 335 378 419
105 105 9 1 20 86 202 305 387 427 431 474
106 106 17 2 11 18 28 31 67 160 179 191 205 228 234 244 301 376 455 477
107 107 10 1 85 87 124 161 170 225 229 455 460
108 108 13 18 30 49 152 197 267 274 308 356 408 430 448 489
109 109 11 18 32 194 220 304 341 355 368 394 403 437
110 110 6 178 244 309 386 448 457
111 111 5 11 50 97 419 435
112 112 10 18 54 112 163 233 389 403 430 479 499
113 113 13 4 15 25 116 149 162 186 195 219 303 325 407 470
114 114 9 13 56 117 158 240 324 394 408 426
115 115 19 2 21 67 86 99 117 124 131 170 175 221 351 395 400 403 408 413 451 478
116 116 9 6 43 132 170 185 250 336 349 444
117 117 11 48 56 86 123 136 179 181 351 380 438 494
118 118 8 96 160 218 308 331 390 396 466
119 119 15 33 70 72 96 104 139 143 156 190 218 275 321 389 407 439
120 120 7 64 91 118 292 308 344 439
121 121 7 32 78 132 159 162 285 351
122 122 9 22 38 132 210 261 345 351 378 406
123 123 12 1 19 30 137 198 235 308 324 408 411 438 443
124 124 15 56 72 89 99 152 236 269 270 321 398 403 427 448 470 477
125 125 7 5 160 315 321 326 362 439
126 126 9 50 115 138 140 153 308 331 399 470
127 127 10 32 46 79 162 221 229 330 331 425 451
128 128 12 0 44 108 127 139 195 239 308 328 390 425 471
129 129 5 24 141 242 322 452
130 130 11 1 4 12 48 57 115 138 186 268 345 408
131 131 15 34 167 195 209 268 270 273 356 365 394 431 437 438 448 455
132 132 6 72 141 187 304 472 478
133 133 15 41 86 160 215 218 270 277 319 408 433 437 456 458 473 485
134 134 10 34 118 121 146 172 182 220 267 302 448
135 135 12 34 41 48 56 60 161 185 188 285 315 326 395
136 136 6 261 308 315 408 421 448
137 137 12 19 41 56 75 100 161 172 225 265 310 449 492
138 138 11 147 161 281 286 322 395 425 436 443 445 470
139 139 8 6 54 102 177 184 288 313 481
140 140 10 6 9 86 108 146 190 218 221 409 421
141 141 12 41 56 140 162 274 304 324 388 406 421 449 498
142 142 11 48 67 161 177 285 319 349 351 363 427 478
143 143 6 19 49 234 239 345 396
144 144 13 4 165 166 170 178 186 191 319 327 394 396 406 495
145 145 13 16 35 56 99 108 154 187 215 227 293 322 396 427
146 146 14 11 57 105 154 166 186 213 221 267 354 387 427 431 474
147 147 16 3 102 138 162 180 203 204 210 239 254 306 339 356 448 472 492
148 148 12 39 63 67 113 161 181 191 308 328 368 402 489
149 149 14 21 30 50 153 186 221 268 285 358 388 427 449 455 492
150 150 13 16 32 108 116 124 152 153 254 308 315 318 443 478
151 151 15 19 46 78 135 163 170 210 254 281 395 409 415 417 473 497
152 152 9 2 33 86 102 178 244 431 478 492
153 153 9 49 139 154 195 248 285 315 374 407
154 154 10 136 241 261 279 349 378 380 395 431 440
155 155 5 170 233 292 358 399
156 156 7 108 117 163 244 268 286 421
157 157 9 37 180 191 221 267 275 345 390 395
158 158 8 29 98 116 161 166 426 448 459
159 159 10 161 196 220 250 301 308 310 365 427 437
160 160 6 26 119 146 147 331 336
161 161 4 124 152 331 492
162 162 10 19 68 86 111 119 191 229 265 406 437
163 163 12 78 166 277 288 304 340 384 392 406 413 475 478
164 164 13 39 141 143 144 190 202 210 242 244 250 275 492 493
165 165 14 28 60 102 136 229 250 328 345 390 396 401 408 419 437
166 166 6 57 81 137 194 369 433
167 167 8 0 221 270 308 417 426 439 466
168 168 17 48 67 89 111 117 213 239 315 318 335 349 364 387 395 419 455 461
169 169 11 27 141 261 308 322 336 375 390 431 449 472
170 170 5 144 221 324 444 459
171 171 12 18 19 72 117 122 141 158 221 279 435 438 458
172 172 2 86 198
173 173 23 0 1 34 60 111 117 118 170 210 227 229 252 255 293 308 315 326 368 382 433 443 465 490
174 174 11 87 170 177 181 185 241 281 308 315 407 452
175 175 18 14 15 78 107 162 195 210 218 227 233 258 305 349 356 414 448 467 469
176 176 5 143 151 220 376 428
177 177 7 1 12 99 116 189 219 305
178 178 8 5 70 143 172 241 408 447 466
179 179 15 32 38 50 60 63 94 117 147 190 288 307 308 416 431 449
180 180 12 19 110 152 170 190 221 234 308 349 376 427 482
181 181 6 44 141 313 364 388 451
182 182 11 102 143 163 182 191 222 322 324 380 429 472
183 183 9 15 76 162 286 322 326 328 431 474
184 184 7 112 172 177 261 365 474 493
185 185 8 56 79 86 132 161 233 268 389
186 186 6 29 145 149 242 309 455
187 187 10 0 60 111 147 166 170 175 273 431 435
188 188 9 14 18 44 116 189 226 335 420 478
189 189 6 141 202 335 421 445 470
190 190 11 60 108 163 192 244 254 268 286 421 441 479
191 191 6 56 265 331 414 428 466
192 192 20 14 31 56 140 143 161 163 191 197 215 221 270 313 330 348 395 427 448 489 490
193 193 12 1 33 117 187 218 250 300 335 349 431 455 478
194 194 5 14 24 143 281 445
195 195 5 110 141 409 419 478
196 196 5 106 195 308 445 490
197 197 8 18 39 194 276 304 307 355 437
198 198 11 2 4 56 81 86 111 141 194 305 386 477
199 199 9 1 9 81 86 170 190 218 409 421
200 200 17 3 18 34 60 102 160 170 205 235 294 359 387 417 457 458 459 474
201 201 5 78 136 261 386 415
202 202 14 47 67 154 186 190 238 249 308 335 376 408 457 479 499
203 203 18 61 91 157 158 165 168 185 194 221 223 276 321 336 366 386 408 455 479
204 204 12 60 97 102 136 203 221 242 267 308 347 376 431
205 205 9 144 158 167 207 233 386 390 431 485
206 206 8 18 67 98 101 271 315 428 450
207 207 8 28 167 229 349 431 434 473 492
208 208 8 34 181 266 315 374 390 407 499
209 209 4 172 315 431 449
210 210 6 60 152 221 271 455 490
211 211 9 186 242 260 293 329 372 394 419 471
212 212 6 56 98 261 322 328 396
213 213 10 56 67 86 152 187 198 261 308 315 406
214 214 14 14 132 163 188 190 261 293 312 321 398 431 467 479 481
215 215 9 111 141 192 250 331 336 408 428 444
216 216 8 14 56 67 190 195 202 305 408
217 217 13 18 67 98 102 175 188 202 242 245 318 321 338 408
218 218 10 1 18 60 108 143 194 309 314 449 473
219 219 11 14 18 162 207 225 253 318 345 367 478 482
220 220 10 19 110 124 155 209 250 270 358 458 470
221 221 7 15 56 111 117 143 315 433
222 222 10 108 132 187 218 268 345 380 414 478 489
223 223 5 38 234 345 425 482
224 224 10 15 19 113 140 195 239 244 343 378 396
225 225 3 112 249 315
226 226 15 0 12 18 30 39 116 145 222 279 290 301 334 336 355 364
227 227 14 60 67 111 128 188 288 308 322 349 425 430 433 458 478
228 228 8 29 141 147 161 242 308 315 349
229 229 15 39 43 67 177 187 241 253 261 285 308 322 346 406 448 472
230 230 8 67 108 161 227 345 390 479 488
231 231 5 4 91 124 155 470
232 232 12 78 112 116 123 138 143 183 186 194 449 460 477
233 233 8 132 138 170 190 191 265 315 322
234 234 13 1 19 78 108 111 134 194 218 233 274 279 293 449
235 235 12 19 60 117 141 330 335 427 431 445 455 458 470
236 236 6 5 70 143 241 408 447
237 237 11 78 121 245 288 304 392 397 406 430 474 479
238 238 7 46 47 132 187 211 261 288
239 239 13 39 83 154 194 204 221 230 330 358 377 449 457 495
240 240 8 42 111 196 308 318 409 449 478
241 241 6 14 77 85 205 277 463
242 242 12 30 50 92 141 244 254 262 417 427 431 474 492
243 243 9 4 6 16 28 32 46 63 152 408
244 244 7 67 139 214 295 390 428 489
245 245 14 28 56 66 111 122 186 195 221 234 293 316 422 427 460
246 246 19 14 16 44 76 90 111 154 190 194 239 308 326 341 413 423 441 448 449 465
247 247 15 18 49 103 114 141 154 161 202 345 408 409 434 457 458 489
248 248 14 12 18 32 111 185 218 254 270 304 395 422 448 449 478
249 249 12 30 46 56 60 119 141 209 219 250 265 310 349
250 250 8 56 68 70 115 124 161 425 444
251 251 6 90 152 162 302 323 416
252 252 11 1 18 56 136 177 192 245 285 401 425 451
253 253 7 218 222 301 408 431 437 463
254 254 13 12 86 117 121 163 187 227 301 329 345 397 400 408
255 255 9 42 162 181 199 219 230 370 398 400
256 256 12 4 12 14 39 178 188 189 235 301 319 400 448
257 257 13 47 49 111 116 134 195 254 267 384 386 402 426 443
258 258 2 34 270
259 259 8 32 67 78 170 179 352 408 455
260 260 11 57 168 170 244 308 315 326 398 411 440 461
261 261 11 34 57 185 190 253 262 308 315 326 390 489
262 262 20 16 67 94 186 209 211 233 242 308 309 313 339 349 352 407 408 430 436 455 457
263 263 6 124 186 190 202 250 315
264 264 13 12 90 163 185 227 245 288 301 304 400 408 478 494
265 265 6 87 116 195 245 257 348
266 266 10 50 107 158 190 253 261 315 413 427 429
267 267 13 38 82 124 140 252 266 287 294 305 310 338 339 478
268 268 8 16 18 60 117 186 198 308 339
269 269 7 4 90 103 224 276 294 408
270 270 5 102 232 236 406 457
271 271 7 6 111 244 308 375 431 492
272 272 3 108 239 425
273 273 11 67 91 154 187 210 278 286 313 315 403 478
274 274 10 4 67 111 141 162 172 178 277 318 335
275 275 10 11 29 60 68 142 220 221 310 315 322
276 276 14 42 72 81 184 185 187 222 301 389 406 431 435 437 479
277 277 7 120 162 209 246 288 290 326
278 278 15 6 103 115 136 200 230 234 270 308 351 358 449 478 481 489
279 279 9 3 85 102 132 147 162 185 367 449
280 280 17 75 85 107 161 186 205 221 301 303 331 334 345 403 419 426 430 478
281 281 5 44 67 195 376 470
282 282 8 6 121 161 162 163 192 345 408
283 283 5 68 186 191 229 448
284 284 10 32 110 144 189 319 389 396 425 426 496
285 285 5 142 188 261 351 424
286 286 10 48 114 170 177 221 244 363 396 406 494
287 287 9 46 110 115 161 188 319 331 442 498
288 288 10 15 21 99 117 142 194 197 216 301 427
289 289 14 17 38 136 149 195 307 310 376 384 406 410 411 487 494
290 290 10 1 8 163 241 270 314 318 389 390 474
291 291 12 4 32 123 136 195 215 267 318 339 425 452 480
292 292 11 137 140 161 178 185 210 273 380 401 471 485
293 293 15 99 103 135 144 170 183 219 236 241 250 270 274 282 326 331
294 294 18 37 46 66 118 140 154 159 163 233 293 315 328 402 438 455 458 474 477
295 295 6 57 197 218 254 266 375
296 296 14 6 67 93 134 162 220 227 236 240 292 308 314 431 455
297 297 15 57 60 116 117 123 202 205 393 419 457 459 472 474 482 492
298 298 4 21 34 403 485
299 299 7 12 76 113 123 146 199 225
300 300 13 12 14 56 72 140 172 285 293 295 331 435 471 489
301 301 14 14 115 119 123 162 167 194 199 218 221 375 403 425 459
302 302 12 14 67 87 91 102 143 186 189 331 403 474 479
303 303 9 99 129 143 270 313 345 417 431 457
304 304 7 5 12 19 37 117 124 170
305 305 8 87 132 226 233 390 403 409 489
306 306 12 21 75 108 111 184 202 266 279 310 318 347 408
307 307 5 30 93 319 367 491
308 308 11 17 87 110 161 220 265 345 349 390 401 405
309 309 17 14 32 70 98 117 140 179 187 235 239 288 319 389 415 435 440 448
310 310 11 4 132 154 156 255 310 395 407 415 423 449
311 311 11 185 189 279 291 308 315 341 355 408 445 470
312 312 9 12 50 181 186 239 240 335 352 478
313 313 8 3 54 67 136 225 359 396 447
314 314 6 209 239 304 392 455 472
315 315 6 2 136 313 339 405 419
316 316 8 19 34 60 94 308 322 366 431
317 317 15 4 33 75 222 242 246 261 270 279 305 316 319 357 370 406
318 318 8 42 111 190 234 250 290 400 417
319 319 10 34 66 136 160 190 274 391 433 455 470
320 320 8 86 151 163 177 186 420 435 448
321 321 8 18 42 108 276 308 324 423 448
322 322 10 49 123 185 261 297 329 358 408 448 474
323 323 9 12 226 280 302 321 349 460 470 492
324 324 8 48 102 265 315 331 416 431 478
325 325 13 19 42 56 86 186 227 288 345 375 422 448 454 474
326 326 9 117 152 154 301 313 378 391 425 482
327 327 9 14 160 250 268 308 389 390 396 466
328 328 8 20 103 162 202 349 419 427 489
329 329 12 19 86 101 113 221 268 300 308 416 459 478 494
330 330 10 1 19 34 161 238 307 420 422 431 448
331 331 6 63 101 161 274 321 363
332 332 12 6 108 136 183 189 194 229 367 380 443 445 488
333 333 10 8 14 49 57 105 213 221 346 354 474
334 334 8 15 16 57 188 265 266 416 449
335 335 11 181 189 198 210 215 245 350 352 417 439 471
336 336 15 11 16 44 67 122 138 183 242 270 279 293 301 376 407 452
337 337 4 86 210 389 429
338 338 9 29 103 163 210 218 238 351 395 466
339 339 17 1 38 91 129 143 166 191 210 243 304 308 313 416 425 443 449 478
340 340 5 181 229 249 304 413
341 341 5 160 250 317 471 479
342 342 9 81 86 111 113 179 194 305 425 443
343 343 4 161 310 385 390
344 344 11 18 39 44 110 148 302 402 408 431 435 492
345 345 16 14 37 91 93 100 124 143 170 184 224 241 252 308 352 376 459
346 346 8 134 147 167 186 315 425 426 479
347 347 6 44 258 261 310 315 322
348 348 9 21 162 308 396 408 409 421 470 481
349 349 10 24 44 210 270 324 396 425 448 492 496
350 350 3 60 170 435
351 351 21 12 48 77 103 115 149 158 161 185 186 209 210 242 308 389 394 408 420 431 448 475
352 352 15 16 68 69 70 140 141 144 147 160 161 309 317 365 425 495
353 353 5 14 117 129 186 389
354 354 13 116 141 154 163 187 204 243 257 299 315 426 471 474
355 355 5 19 119 321 442 462
356 356 10 1 85 115 124 161 225 245 396 444 455
357 357 20 14 26 30 50 78 132 153 185 210 268 285 288 290 308 366 388 425 427 434 455
358 358 11 34 104 143 181 308 315 331 342 349 374 407
359 359 10 30 138 331 342 387 400 416 449 478 485
360 360 17 16 132 140 185 186 270 279 291 301 310 341 378 408 427 471 472 481
361 361 7 26 90 147 195 370 489 492
362 362 7 147 187 324 328 331 394 485
363 363 19 1 5 63 103 132 190 239 273 277 292 293 423 427 431 451 452 457 489 493
364 364 9 60 192 205 254 305 329 433 441 479
365 365 11 14 38 124 143 183 186 212 261 408 421 430
366 366 16 30 57 117 123 170 261 342 393 396 408 433 446 455 457 477 479
367 367 14 31 33 97 132 140 261 288 322 350 378 390 396 417 489
368 368 6 44 56 111 184 308 451
369 369 6 187 227 315 319 426 458
370 370 13 60 78 159 202 209 222 250 277 308 319 394 408 455
371 371 9 111 115 118 309 314 367 449 473 498
372 372 13 29 115 116 137 162 187 204 243 299 315 408 474 481
373 373 16 15 39 79 108 121 185 218 220 222 252 310 320 349 426 427 494
374 374 7 85 190 220 265 270 281 439
375 375 11 3 48 108 110 186 194 249 308 339 406 408
376 376 10 101 110 118 135 162 234 380 413 457 477
377 377 15 2 19 57 101 111 131 195 224 287 294 342 384 425 497 499
378 378 6 5 220 221 328 331 461
379 379 7 22 26 30 271 390 408 430
380 380 13 60 63 102 147 199 234 239 277 345 351 365 472 475
381 381 13 14 105 162 186 214 222 234 247 315 349 357 380 422
382 382 12 1 21 42 138 141 170 178 215 391 395 399 435
383 383 18 4 16 28 42 128 152 162 170 177 186 218 234 265 270 292 319 421 474
384 384 14 14 56 60 144 158 170 180 195 202 220 232 285 308 494
385 385 12 14 38 50 152 224 226 242 315 357 439 444 486
386 386 6 30 32 74 84 114 387
387 387 10 1 119 170 215 297 375 408 449 474 498
388 388 15 16 67 100 113 116 182 214 250 252 331 420 438 455 478 491
389 389 13 14 35 36 41 111 226 240 242 304 375 401 419 472
390 390 8 14 15 30 116 170 185 286 403
391 391 16 44 48 56 97 121 131 169 173 270 298 315 356 357 367 426 434
392 392 4 5 178 194 416
393 393 9 100 194 210 269 307 315 431 478 481
394 394 11 103 163 221 238 239 388 395 407 443 448 475
395 395 15 4 19 56 110 139 167 170 186 232 270 357 420 425 449 479
396 396 9 56 102 149 295 392 427 435 494 498
397 397 6 8 103 178 216 427 469
398 398 12 30 63 81 101 139 141 161 274 279 321 363 445
399 399 8 50 70 199 226 285 295 319 443
400 400 10 14 24 99 116 187 194 207 233 376 398
401 401 11 0 12 173 221 270 308 417 426 439 466 481
402 402 9 75 117 127 162 191 195 242 408 452
403 403 11 23 143 166 186 221 249 269 313 413 470 478
404 404 13 26 41 111 119 146 147 240 268 300 331 336 375 419
405 405 16 29 35 135 163 172 186 230 232 321 324 349 388 390 392 396 420
406 406 6 178 195 214 250 403 416
407 407 13 49 67 100 131 138 161 162 241 307 319 335 351 395
408 408 8 99 141 240 270 276 308 324 351
409 409 16 30 32 43 67 83 194 286 321 324 329 331 346 401 437 443 478
410 410 13 4 46 141 142 152 194 213 305 331 389 403 457 477
411 411 12 56 67 117 194 210 219 321 389 408 431 438 489
412 412 13 67 108 116 162 187 204 243 315 334 431 438 474 492
413 413 10 67 86 108 187 209 215 239 279 308 315
414 414 13 1 16 102 131 134 140 177 195 219 265 385 396 439
415 415 9 25 86 91 102 148 185 215 435 491
416 416 9 14 60 86 101 110 177 221 330 459
417 417 12 37 181 220 267 277 288 328 387 441 459 467 492
418 418 15 77 81 122 152 200 209 249 269 310 315 316 321 345 414 498
419 419 6 56 63 134 188 230 459
420 420 8 46 60 75 141 191 353 409 497
421 421 13 1 75 78 149 163 218 221 353 396 398 400 401 449
422 422 8 14 215 238 239 323 395 409 478
423 423 13 28 32 90 96 184 328 335 387 388 403 431 433 479
424 424 16 13 29 78 113 122 134 154 160 310 315 387 403 408 426 459 479
425 425 11 69 97 102 132 154 185 186 239 275 403 435
426 426 4 20 219 305 431
427 427 8 67 177 229 285 319 349 351 427
428 428 15 19 29 39 60 67 78 124 141 172 218 254 315 449 478 489
429 429 20 19 41 42 46 100 116 170 178 194 250 301 302 326 335 375 431 437 443 459 478
430 430 7 60 129 135 302 315 390 408
431 431 14 86 186 187 205 227 244 261 295 321 339 401 416 436 449
432 432 10 6 32 102 134 154 170 219 279 408 417
433 433 13 12 16 26 60 86 152 187 250 274 316 349 376 472
434 434 9 14 67 69 102 141 177 270 285 310
435 435 8 19 48 186 254 275 315 331 478
436 436 11 2 56 188 214 215 228 232 363 375 425 431
437 437 8 144 262 266 319 334 438 459 492
438 438 12 0 29 85 147 229 274 308 419 444 445 474 498
439 439 17 78 93 98 141 159 273 335 351 364 395 406 422 430 443 460 474 498
440 440 12 18 48 220 240 241 261 279 310 378 395 413 421
441 441 16 1 14 48 49 67 108 110 134 170 222 243 250 308 337 471 497
442 442 10 34 67 277 335 341 423 445 449 470 478
443 443 12 78 102 161 203 293 334 336 368 416 426 455 474
444 444 4 162 170 277 308
445 445 10 4 89 261 276 288 319 344 351 406 433
446 446 10 44 108 161 239 341 423 438 448 465 486
447 447 9 19 107 143 210 268 308 423 428 430
448 448 9 14 30 99 110 209 225 308 358 408
449 449 14 50 112 132 139 151 179 210 234 261 268 308 408 433 442
450 450 10 34 56 186 239 423 441 449 451 471 479
451 451 11 24 48 91 108 277 308 335 408 431 435 459
452 452 10 6 19 28 32 101 119 154 170 370 398
453 453 9 16 42 152 161 326 395 408 452 470
454 454 22 12 56 67 98 101 110 125 132 145 149 170 190 191 261 265 315 322 355 376 396 403 427
455 455 11 14 34 42 44 66 122 139 187 304 431 443
456 456 12 18 101 123 186 194 239 241 394 403 449 477 496
457 457 4 37 56 235 455
458 458 14 134 184 194 210 253 301 316 323 364 366 394 414 431 455
459 459 9 27 86 144 178 195 210 322 449 472
460 460 13 86 99 116 194 221 227 229 300 310 355 356 387 404
461 461 5 2 125 368 430 449
462 462 5 0 121 186 293 427
463 463 12 79 99 123 124 178 220 240 293 308 317 443 482
464 464 8 74 123 139 308 322 396 431 477
465 465 8 75 111 184 202 266 324 335 347
466 466 3 108 144 184
467 467 9 24 89 210 308 323 402 403 414 489
468 468 8 18 159 161 220 241 242 322 403
469 469 9 14 152 185 186 187 194 357 359 429
470 470 5 72 73 238 409 431
471 471 7 14 16 189 240 288 321 390
472 472 10 91 121 147 218 267 307 335 400 455 478
473 473 5 186 187 295 400 403
474 474 9 29 34 60 86 113 318 346 376 387
475 475 3 19 78 489
476 476 6 78 203 293 336 416 455
477 477 9 14 117 135 175 178 185 219 331 376
478 478 11 49 103 147 160 161 186 267 300 390 406 409
479 479 14 60 72 161 170 187 196 238 244 293 308 358 394 427 441
480 480 15 2 12 110 143 146 163 221 267 276 322 396 431 445 449 459
481 481 9 6 16 20 110 184 187 371 406 489
482 482 12 21 46 56 107 161 254 258 318 395 424 439 496
483 483 8 24 67 68 117 170 305 307 324
484 484 9 44 119 209 253 278 293 336 348 426
485 485 12 11 108 141 170 196 229 261 399 408 432 435 478
486 486 11 14 67 87 99 152 185 187 221 321 328 338
487 487 11 2 67 123 124 185 261 351 358 395 401 448
488 488 10 28 56 92 102 111 132 192 195 396 439
489 489 12 2 6 19 26 103 110 112 288 368 370 396 408
490 490 15 14 50 81 117 120 135 146 178 244 331 380 416 459 463 478
491 491 16 14 15 57 77 121 138 279 315 343 378 387 401 420 431 439 479
492 492 11 18 60 101 186 197 221 235 254 376 446 458
493 493 9 14 18 102 144 194 241 357 408 410
494 494 12 14 70 117 141 178 186 219 221 372 375 389 489
495 495 9 60 99 116 189 219 305 322 365 366
496 496 7 19 220 340 406 426 448 452
497 497 7 14 16 44 90 194 239 441
498 498 7 57 90 203 288 303 345 396
499 499 11 13 183 184 285 308 315 334 350 376 419 449
500 500 7 162 165 270 304 308 327 431
501 501 7 56 184 313 325 349 360 478
502 502 8 56 61 110 139 202 225 255 358
503 503 11 4 15 18 162 177 194 286 304 308 328 474
504 504 14 16 63 67 116 123 141 186 234 328 345 419 443 449 477
505 505 11 16 67 76 84 172 232 234 308 389 452 457
506 506 14 20 103 124 158 161 181 194 269 285 322 357 386 466 485
507 507 7 18 32 148 161 250 357 408
508 508 6 96 270 351 389 438 441
509 509 5 139 170 218 271 279
510 510 6 44 187 239 328 451 494
511 511 6 16 48 76 99 322 367
512 512 5 60 240 331 445 458
513 513 7 139 141 215 221 367 374 407
514 514 10 16 39 60 86 93 111 358 403 408 449
515 515 10 91 110 161 162 170 258 267 269 376 445
516 516 7 14 121 154 192 293 313 318
517 517 11 22 38 78 110 261 345 376 378 406 425 482
518 518 5 172 285 295 331 489
519 519 12 34 93 108 144 154 186 207 221 227 233 348 386
520 520 10 8 170 194 239 308 319 364 414 443 448
521 521 3 111 254 462
522 522 8 100 166 279 376 403 409 448 461
523 523 6 77 178 329 343 410 427
524 524 13 12 26 50 186 187 188 221 239 335 349 352 370 387
525 525 12 19 129 136 162 183 214 234 261 273 293 308 470
526 526 10 26 87 93 124 141 146 279 340 457 490
527 527 4 43 137 308 437
528 528 10 5 28 38 69 143 186 293 304 376 426
529 529 15 34 71 75 147 172 222 242 246 252 286 288 295 385 425 454
530 530 12 26 32 34 101 147 170 204 235 269 318 358 419
531 531 8 15 29 85 121 254 304 396 410
532 532 9 15 29 72 91 152 154 318 327 396
533 533 6 167 172 186 262 335 437
534 534 15 1 12 18 19 34 124 162 194 210 220 250 285 338 341 492
535 535 8 6 103 141 158 161 276 386 485
536 536 7 39 76 154 245 326 413 465
537 537 15 34 49 91 108 161 199 258 267 269 274 315 319 430 443 445
538 538 9 21 45 220 254 286 372 414 442 489
539 539 14 2 60 129 135 181 191 300 302 315 390 403 408 428 433
540 540 18 11 12 89 142 161 162 178 203 220 221 268 315 380 395 400 403 408 426
541 541 8 97 138 175 218 262 324 426 431
542 542 13 63 157 192 233 262 292 308 344 350 395 396 428 443
543 543 7 87 132 186 267 312 403 425
544 544 8 14 161 276 308 358 408 433 449
545 545 12 12 16 19 56 85 162 166 183 185 261 275 310
546 546 11 5 34 102 146 179 186 328 402 428 449 457
547 547 6 162 197 277 285 448 455
548 548 6 19 32 78 91 172 210
549 549 9 172 194 285 295 324 331 455 473 489
550 550 6 34 121 241 267 308 322
551 551 2 145 215
552 552 17 15 56 61 66 86 132 136 141 161 178 183 190 210 229 274 389 470
553 553 5 23 182 234 390 474
554 554 13 6 31 38 119 144 161 170 187 219 224 299 324 492
555 555 5 28 34 78 241 474
556 556 7 14 34 152 159 273 430 439
557 557 19 46 140 170 258 288 318 325 348 374 397 412 419 423 425 427 431 458 474 482
558 558 13 14 56 102 117 124 241 292 308 364 389 408 431 474
559 559 15 14 30 86 87 160 187 192 221 230 290 308 315 331 342 425
560 560 13 6 14 60 152 172 205 218 330 390 420 433 452 489
561 561 2 345 445
562 562 11 48 55 56 161 248 308 313 348 426 448 478
563 563 9 4 16 34 152 200 209 315 391 498
564 564 10 4 28 183 221 315 370 394 455 474 481
565 565 10 15 67 163 213 220 249 286 335 479 492
566 566 16 8 16 32 37 48 131 143 161 179 194 209 210 221 321 392 419
567 567 10 34 110 143 145 152 186 218 335 403 451
568 568 9 14 16 67 215 239 301 308 323 408
569 569 7 14 224 321 394 409 431 470
570 570 8 136 141 215 267 318 389 431 480
571 571 9 31 39 64 123 310 331 388 396 425
572 572 16 46 48 110 115 161 166 186 195 241 267 318 356 363 406 474 478
573 573 6 10 267 274 351 370 481
574 574 15 37 67 91 107 111 157 191 275 310 313 330 390 403 489 493
575 575 12 14 18 70 110 151 266 281 308 374 404 416 449
576 576 6 101 141 218 300 403 433
577 577 10 19 34 76 94 115 129 138 265 408 437
578 578 14 72 120 170 196 238 288 293 308 394 424 440 470 479 492
579 579 12 29 30 68 90 94 102 108 124 274 347 452 498
580 580 8 94 159 242 273 308 430 436 497
581 581 9 104 110 140 162 262 265 321 431 452
582 582 16 4 57 102 120 123 134 159 195 234 265 286 343 438 455 482 494
583 583 8 2 82 111 276 357 408 450 458
584 584 13 3 19 56 67 78 90 154 190 202 221 233 477 499
585 585 11 16 56 87 170 187 227 340 427 430 445 490
586 586 9 49 56 86 123 170 250 335 416 490
587 587 6 26 119 146 147 331 336
588 588 8 31 139 141 215 366 408 465 492
589 589 5 11 160 239 286 494
590 590 13 6 111 117 242 266 281 293 330 331 387 408 425 485
591 591 18 12 14 15 101 125 145 149 159 196 213 261 355 376 389 400 427 428 457
592 592 8 7 115 161 236 308 427 449 479
593 593 16 57 72 73 97 103 155 162 202 211 238 293 307 394 421 427 489
594 594 13 15 25 26 46 76 91 146 186 202 325 328 407 478
595 595 9 101 108 131 162 254 375 462 489 494
596 596 18 6 18 47 49 84 108 181 186 187 211 288 384 413 421 427 431 437 492
597 597 13 2 11 63 72 141 196 238 293 308 350 394 406 440
598 598 12 6 67 116 146 175 190 267 308 408 427 429 494
599 599 7 140 169 202 234 257 328 408
600 600 12 66 117 134 194 221 233 242 274 279 316 319 429
601 601 12 14 44 194 220 235 241 250 268 389 394 431 438
602 602 7 76 188 218 220 246 315 368
603 603 4 77 111 123 147
604 604 12 140 145 159 178 209 225 319 364 395 425 429 458
605 605 10 14 194 220 235 258 324 394 444 448 468
606 606 11 41 66 102 152 221 277 316 406 408 448 449
607 607 13 14 35 41 67 187 233 253 307 308 341 378 444 472
608 608 10 18 29 121 132 158 170 181 218 420 460
609 609 11 111 129 250 270 314 321 331 403 431 449 477
610 610 17 16 18 50 135 189 196 218 261 265 315 319 329 358 433 440 448 461
611 611 11 14 37 57 108 117 161 262 286 318 435 437
612 612 7 42 67 104 210 406 427 439
613 613 8 0 50 102 132 223 319 329 380
614 614 8 56 161 194 250 270 324 335 408
615 615 7 30 143 178 191 195 279 435
616 616 9 40 84 148 221 230 234 348 388 474
617 617 8 6 141 210 212 287 318 356 440
618 618 9 6 56 67 72 169 431 439 449 470
619 619 13 18 26 30 119 146 147 190 304 331 336 356 426 435
620 620 9 41 61 147 197 229 279 378 449 455
621 621 17 19 31 44 49 67 79 111 146 190 272 307 330 364 413 419 443 451
622 622 3 161 210 322
623 623 12 181 238 240 244 252 308 339 421 431 444 455 489
624 624 17 4 18 48 90 139 181 187 218 271 279 331 351 408 414 431 448 451
625 625 7 29 81 86 97 145 305 489
626 626 7 12 220 279 322 329 348 426
627 627 10 26 123 145 186 194 241 266 389 468 495
628 628 17 6 19 34 115 119 166 190 195 219 241 242 322 324 385 400 403 469
629 629 13 8 16 60 76 129 161 319 345 359 386 409 477 478
630 630 5 168 235 423 451 474
631 631 4 67 97 170 318
632 632 13 91 111 120 132 161 279 281 293 310 313 328 376 450
633 633 11 66 121 167 202 210 261 319 324 343 401 448
634 634 10 25 39 67 85 97 170 210 221 318 475
635 635 8 110 128 219 349 390 403 420 445
636 636 7 0 14 31 254 277 348 396
637 637 8 117 152 292 301 308 313 378 430
638 638 7 9 97 99 221 239 313 406
639 639 4 34 48 161 342
640 640 13 5 19 56 63 99 117 134 140 187 195 274 363 459
641 641 8 14 38 111 125 144 194 261 308
642 642 9 12 56 117 158 179 240 324 370 397
643 643 5 4 116 293 349 387
644 644 10 34 116 124 215 244 308 318 324 328 335
645 645 12 12 18 32 111 154 195 221 239 315 370 428 448
646 646 11 10 78 190 267 270 308 331 336 396 478 497
647 647 8 21 91 154 172 221 308 321 427
648 648 9 0 55 56 121 141 186 250 293 427
649 649 5 135 170 194 406 478
650 650 15 60 67 129 135 177 285 302 315 319 349 351 390 406 408 427
651 651 8 102 141 170 227 319 406 443 448
652 652 6 47 142 219 306 403 417
653 653 5 19 245 270 384 416
654 654 9 6 21 83 86 101 109 119 132 222
655 655 8 111 113 190 234 250 400 448 497
656 656 11 1 37 86 108 117 141 161 170 321 399 435
657 657 7 97 103 108 111 161 348 449
658 658 16 6 19 67 155 161 183 188 190 268 285 290 376 459 478 490 498
659 659 14 14 38 60 111 186 194 250 288 406 412 421 430 449 478
660 660 16 1 47 76 102 141 154 160 186 195 239 261 267 307 344 365 366
661 661 11 35 108 143 154 162 215 261 318 321 339 427
662 662 10 29 34 46 115 161 186 207 315 316 349
663 663 13 31 49 89 99 207 221 236 288 315 319 322 331 370
664 664 11 19 85 111 129 144 155 194 339 450 460 478
665 665 14 19 24 86 100 102 124 172 310 325 367 419 425 449 494
666 666 11 124 185 187 241 281 315 400 448 452 479 494
667 667 8 54 60 93 111 305 403 408 449
668 668 7 48 90 161 187 250 395 471
669 669 9 48 50 101 170 209 303 390 427 439
670 670 12 21 56 67 90 110 185 190 218 239 288 315 403
671 671 11 19 52 221 308 321 338 376 403 426 435 444
672 672 10 2 48 140 177 220 304 336 380 448 489
673 673 10 134 154 187 211 253 276 307 408 480 486
674 674 14 18 21 50 66 110 113 161 277 285 357 396 403 452 482
675 675 7 1 2 81 170 321 408 427
676 676 9 91 113 165 302 342 349 395 403 482
677 677 7 179 240 356 395 419 444 471
678 678 10 86 110 149 161 211 279 288 324 389 396
679 679 3 144 220 376
680 680 11 11 14 15 39 60 76 190 288 345 403 426
681 681 9 18 60 143 196 301 335 420 427 478
682 682 14 60 66 67 136 172 190 191 274 296 327 378 416 470 474
683 683 7 162 218 240 270 375 489 494
684 684 5 168 235 423 451 474
685 685 8 19 49 110 219 233 307 395 434
686 686 6 41 56 162 292 315 396
687 687 6 142 190 265 294 426 449
688 688 17 12 18 26 115 170 195 197 210 239 240 242 258 269 296 308 378 390
689 689 11 18 110 121 162 186 195 279 293 324 422 427
690 690 9 91 124 138 170 363 396 406 419 448
691 691 10 72 90 188 235 328 401 443 451 470 478
692 692 8 56 76 293 315 378 409 422 433
693 693 11 30 48 60 81 86 139 191 202 387 417 474
694 694 15 0 14 20 49 110 116 122 164 181 219 238 262 329 397 443
695 695 11 54 91 101 186 219 268 288 304 308 390 425
696 696 12 4 44 99 108 115 123 144 186 207 219 233 261
697 697 8 14 101 124 190 236 308 328 406
698 698 5 8 37 42 161 209
699 699 11 101 170 203 310 313 319 364 388 390 489 493
700 700 5 134 194 233 274 279
701 701 20 2 38 66 70 147 152 192 204 221 273 308 314 316 349 406 410 425 448 469 471
702 702 13 3 16 34 44 78 90 186 194 234 241 321 438 441
703 703 10 34 37 60 191 203 222 244 275 314 399
704 704 14 19 34 101 143 157 188 209 244 270 314 408 416 417 431
705 705 10 56 86 108 111 132 161 293 295 388 389
706 706 8 46 79 162 221 229 331 425 451
707 707 4 136 137 318 488
708 708 12 22 32 64 123 181 187 209 328 339 359 376 396
709 709 11 102 113 124 138 186 187 213 227 315 413 450
710 710 15 56 70 98 124 254 261 288 301 322 396 400 427 479 485 494
711 711 4 111 336 370 403
712 712 11 21 67 103 144 154 170 236 250 331 408 438
713 713 14 34 98 117 181 223 230 239 308 351 384 393 428 474 488
714 714 8 14 56 67 124 334 408 445 488
715 715 7 30 49 186 210 262 279 495
716 716 12 76 111 161 170 172 188 238 239 380 399 427 474
717 717 10 3 6 67 116 141 227 234 268 409 419
718 718 14 32 67 166 173 185 241 308 310 334 365 389 426 427 459
719 719 10 29 34 67 90 154 166 219 331 335 417
720 720 12 111 135 160 179 220 277 305 355 363 389 459 461
721 721 12 50 70 76 186 196 234 349 389 457 460 493 497
722 722 5 14 16 56 188 245
723 723 7 30 67 91 138 141 239 448
724 724 12 18 26 48 170 220 240 267 279 310 372 413 421
725 725 7 99 117 140 141 226 408 426
726 726 8 6 57 91 129 161 170 331 465
727 727 10 61 87 142 180 202 255 313 408 423 459
728 728 4 222 239 269 408
729 729 7 60 185 322 339 349 365 366
730 730 5 4 46 67 162 178
731 731 11 62 81 137 186 207 221 239 240 298 403 478
732 732 13 0 18 111 139 170 186 194 313 322 390 455 490 494
733 733 13 2 14 86 117 147 187 275 308 329 340 380 387 478
734 734 10 14 45 56 78 117 135 220 386 419 473
735 735 8 47 166 313 339 428 473 478 494
736 736 13 42 60 121 132 138 186 241 249 293 315 339 413 457
737 737 11 49 56 67 108 275 305 408 425 445 451 492
738 738 7 14 32 102 150 241 357 410
739 739 6 56 114 166 279 329 422
740 740 16 11 50 70 85 132 136 187 199 226 285 295 308 319 336 443 457
741 741 6 108 170 249 265 304 431
742 742 5 33 87 186 277 356
743 743 14 56 85 102 117 124 154 166 170 178 283 308 389 431 499
744 744 12 18 154 170 177 192 244 308 326 401 425 440 451
745 745 6 0 18 178 202 240 440
746 746 15 12 18 26 32 34 101 111 147 170 204 235 269 318 358 419
747 747 6 141 261 336 375 390 431
748 748 4 194 268 313 400
749 749 6 34 49 108 274 430 443
750 750 6 67 194 240 382 416 470
751 751 12 6 110 121 129 192 193 271 313 375 408 425 467
752 752 3 218 425 437
753 753 11 14 60 97 166 240 266 269 326 331 345 445
754 754 11 47 147 163 202 232 346 390 392 433 473 478
755 755 14 1 5 46 85 154 190 250 283 302 345 380 406 431 493
756 756 15 20 30 60 85 170 180 221 239 241 262 286 307 330 396 451
757 757 16 12 48 99 110 128 140 158 161 192 194 215 398 400 431 448 477
758 758 12 2 19 39 77 154 177 178 188 310 349 430 444
759 759 3 60 338 419
760 760 7 18 310 318 381 387 392 419
761 761 9 186 199 222 267 315 349 408 421 465
762 762 10 20 86 111 170 183 194 234 305 315 427
763 763 7 48 102 182 267 334 366 449
764 764 12 14 67 117 124 155 185 190 315 421 440 441 470
765 765 14 12 30 60 87 172 221 279 334 352 403 409 419 449 489
766 766 11 0 121 140 170 186 218 221 293 359 427 479
767 767 8 151 186 190 209 277 331 393 448
768 768 9 4 14 26 67 136 196 387 419 455
769 769 4 114 267 315 413
770 770 13 22 121 181 207 318 322 374 380 406 412 423 435 474
771 771 15 41 46 56 100 110 116 167 186 187 190 269 281 296 376 396
772 772 5 141 313 319 401 478
773 773 8 116 181 186 207 328 341 376 396
774 774 9 41 101 111 116 186 215 293 454 462
775 775 13 2 105 110 151 152 163 187 190 221 326 389 396 445
776 776 4 162 345 389 455
777 777 8 110 167 182 188 218 254 389 419
778 778 8 12 113 143 186 242 249 293 457
779 779 13 18 43 54 86 93 146 158 258 279 331 428 438 468
780 780 10 67 134 157 185 190 210 262 315 413 430
781 781 13 37 111 181 220 239 288 300 315 328 345 387 459 467
782 782 10 99 116 146 189 194 219 249 305 308 474
783 783 5 68 136 186 275 427
784 784 8 43 118 222 229 239 266 305 443
785 785 13 26 67 114 136 173 196 301 334 390 394 427 455 492
786 786 12 11 32 89 97 135 147 218 240 250 310 440 444
787 787 7 102 170 177 219 269 345 498
788 788 10 19 163 190 288 348 408 421 443 459 481
789 789 3 270 357 470
790 790 8 99 115 152 305 345 375 419 425
791 791 11 34 91 117 123 245 308 318 395 410 478 479
792 792 10 12 121 131 179 190 233 331 370 397 491
793 793 14 74 108 161 209 233 308 356 387 400 403 421 433 443 457
794 794 11 66 121 186 202 218 226 315 319 343 448 495
795 795 14 15 20 67 90 123 213 220 249 254 286 310 326 335 492
796 796 8 87 102 140 331 376 406 443 444
797 797 14 22 67 117 154 194 215 219 338 359 370 389 408 419 431
798 798 14 66 128 136 190 218 262 274 315 322 429 431 433 449 470
799 799 5 32 229 308 351 458
800 800 12 8 14 30 31 48 67 111 245 270 329 390 424
801 801 15 16 54 161 162 163 170 185 241 276 307 408 433 445 455 492
802 802 10 100 117 183 288 295 335 398 445 459 470
803 803 16 4 47 111 131 141 164 170 194 303 305 308 319 322 364 429 474
804 804 10 101 107 137 187 205 240 244 295 401 431
805 805 9 12 23 56 68 218 227 321 408 443
806 806 11 20 141 161 186 210 305 343 365 413 416 492
807 807 11 57 88 90 123 181 254 288 331 345 396 426
808 808 8 57 78 187 267 308 319 331 355
809 809 8 37 117 160 304 331 345 361 370
810 810 9 18 101 118 189 261 265 329 403 440
811 811 8 12 42 90 98 123 396 470 473
812 812 14 30 48 94 132 139 209 234 247 326 329 390 411 417 470
813 813 19 16 88 89 136 146 234 236 254 277 310 359 389 398 406 408 413 420 427 431
814 814 13 129 142 184 194 210 301 313 323 364 394 414 440 455
815 815 20 14 30 32 41 86 117 149 162 173 244 254 265 341 402 416 431 451 474 492 497
816 816 4 188 275 359 490
817 817 12 32 142 190 219 221 265 294 375 382 408 426 449
818 818 2 86 325
819 819 11 16 67 116 182 214 250 331 420 455 478 491
820 820 15 6 60 96 115 134 136 250 273 308 324 345 419 427 471 474
821 821 13 30 47 49 94 110 154 178 190 281 313 351 406 494
822 822 5 86 98 100 421 446
823 823 9 35 161 211 221 249 368 384 426 474
824 824 3 163 238 395
825 825 12 4 110 137 146 243 244 310 335 342 345 416 471
826 826 4 67 140 234 455
827 827 11 30 48 60 139 186 191 301 308 326 432 470
828 828 10 56 110 234 308 313 325 339 349 360 478
829 829 12 77 99 160 187 239 301 395 408 419 420 428 442
830 830 12 3 30 81 91 97 102 103 106 138 170 288 315
831 831 10 1 3 16 146 239 244 262 288 390 411
832 832 5 28 34 246 293 384
833 833 8 18 46 125 204 279 402 458 474
834 834 9 35 60 85 161 286 346 387 420 428
835 835 14 103 155 163 177 220 234 238 265 270 358 376 425 458 470
836 836 6 16 67 194 202 277 494
837 837 9 19 47 88 111 162 163 183 224 261
838 838 15 38 60 111 125 144 155 194 233 242 261 308 359 367 401 419
839 839 4 270 357 444 474
840 840 5 72 99 152 427 477
841 841 13 29 39 68 187 252 277 320 322 406 426 427 485 494
842 842 2 306 403
843 843 8 43 161 250 271 286 334 351 492
844 844 15 15 48 113 114 162 209 221 286 306 328 427 448 474 478 497
845 845 11 15 123 125 141 184 188 315 331 348 388 492
846 846 15 16 30 50 93 134 162 186 205 273 290 315 317 319 449 491
847 847 6 12 166 270 319 451 471
848 848 9 6 140 143 239 287 315 396 427 474
849 849 11 26 34 46 146 152 271 321 323 449 455 478
850 850 9 6 78 186 195 284 308 331 335 378
851 851 15 57 105 116 164 213 221 232 250 270 351 354 362 390 437 474
852 852 4 46 110 186 474
853 853 12 41 86 91 155 175 229 308 319 358 363 456 478
854 854 8 37 103 191 203 275 305 327 349
855 855 15 123 178 186 307 308 321 322 323 331 414 416 426 427 435 482
856 856 12 0 141 160 181 219 265 267 335 356 365 390 419
857 857 17 34 43 162 163 205 227 245 290 301 308 376 396 400 408 437 449 478
858 858 4 99 391 436 490
859 859 16 3 14 16 25 75 111 141 210 221 250 306 346 404 427 455 460
860 860 8 37 121 122 143 219 270 416 435
861 861 6 14 26 60 170 181 386
862 862 7 19 167 232 241 419 439 442
863 863 10 14 186 308 330 420 421 431 433 452 489
864 864 5 77 138 209 305 331
865 865 13 6 10 67 110 162 190 227 236 240 292 314 349 431
866 866 6 135 285 313 408 420 430
867 867 9 18 28 205 218 340 395 408 427 431
868 868 10 0 92 135 232 253 261 334 394 408 426
869 869 13 38 89 124 125 161 186 190 202 250 261 308 315 316
870 870 14 67 72 83 94 152 183 187 233 267 308 319 349 384 396
871 871 6 110 192 194 270 322 494
872 872 5 4 185 227 352 448
873 873 8 18 88 156 161 210 315 415 455
874 874 7 76 111 151 313 328 370 467
875 875 12 14 19 125 179 215 246 262 308 358 403 413 452
876 876 13 14 33 87 141 185 186 195 215 250 277 323 356 429
877 877 7 6 16 28 32 152 162 406
878 878 7 14 185 261 270 329 358 448
879 879 19 12 26 28 86 90 111 113 138 180 189 195 202 316 349 404 426 448 472 497
880 880 12 48 170 242 248 326 345 348 406 427 431 448 478
881 881 9 14 47 108 163 261 307 315 328 479
882 882 9 2 56 67 77 124 331 351 395 419
883 883 5 117 186 322 345 349
884 884 10 1 19 193 194 305 308 387 434 449 455
885 885 7 14 108 285 293 307 408 470
886 886 8 2 99 146 221 234 245 364 403
887 887 3 6 353 428
888 888 10 6 46 56 63 154 185 221 315 359 478
889 889 9 41 42 44 111 239 245 331 375 419
890 890 8 47 100 101 134 142 219 438 474
891 891 17 14 45 78 101 143 181 186 301 313 322 324 376 378 395 419 420 492
892 892 10 30 33 195 218 267 321 390 427 431 449
893 893 10 16 99 156 162 172 266 408 430 437 489
894 894 11 2 11 48 101 129 195 279 294 342 348 384
895 895 14 14 21 39 129 149 161 170 195 209 233 309 349 388 455
896 896 8 14 189 249 288 324 336 425 477
897 897 6 147 193 194 261 308 438
898 898 13 32 67 120 123 143 209 215 293 313 318 339 359 445
899 899 9 129 142 166 187 188 202 210 261 455
900 900 11 39 163 182 186 191 253 308 395 427 452 472
901 901 12 1 39 46 89 111 213 370 396 423 435 478 496
902 902 13 42 128 148 162 170 177 185 200 220 261 307 419 478
903 903 11 34 117 151 152 185 301 313 319 331 378 448
904 904 11 30 153 221 242 268 285 365 388 408 427 455
905 905 5 67 101 137 170 431
906 906 9 1 45 78 191 265 334 384 448 489
907 907 6 134 148 277 286 431 449
908 908 10 2 57 170 186 221 254 331 336 474 495
909 909 13 14 19 31 66 67 79 146 186 241 272 288 304 318
910 910 9 5 38 47 111 308 376 382 384 498
911 911 7 16 147 199 271 277 324 406
912 912 11 11 14 56 99 185 209 230 308 356 403 408
913 913 12 28 30 101 143 162 174 270 321 409 419 431 494
914 914 14 34 104 140 141 143 170 178 246 250 277 308 331 342 349
915 915 9 86 97 141 193 229 273 341 474 478
916 916 11 83 91 129 166 170 188 275 331 440 465 481
917 917 8 16 178 247 261 324 331 406 408
918 918 14 43 118 154 189 222 229 239 242 266 328 427 435 443 496
919 919 10 32 101 111 293 352 419 431 454 474 491
920 920 8 19 43 56 184 285 319 395 406
921 921 10 29 56 93 177 186 254 286 389 454 485
922 922 14 19 31 49 144 187 190 270 275 304 307 387 395 434 472
923 923 11 81 132 141 185 197 302 340 376 400 401 449
924 924 8 2 14 34 99 186 245 441 477
925 925 20 6 9 86 91 155 175 180 190 194 218 220 229 286 308 363 409 421 437 444 470
926 926 15 19 28 34 38 100 115 161 170 172 225 250 270 308 448 449
927 927 13 28 94 98 138 218 234 246 310 319 375 376 387 481
928 928 10 16 19 37 46 74 194 277 345 387 497
929 929 7 19 39 56 349 430 444 482
930 930 15 26 67 112 117 165 181 194 219 258 281 328 389 408 489 495
931 931 7 28 142 188 205 218 408 455
932 932 9 30 37 66 265 308 342 400 425 477
933 933 12 6 32 134 167 191 230 268 318 334 406 426 479
934 934 8 19 113 140 195 239 244 285 417
935 935 4 19 76 261 449
936 936 10 5 19 70 111 143 172 241 408 447 466
937 937 10 19 48 154 156 161 191 203 478 479 497
938 938 7 48 97 161 210 226 300 380
939 939 9 6 67 134 170 190 323 368 430 445
940 940 4 108 178 186 433
941 941 21 1 14 18 19 21 29 77 85 108 116 121 132 146 154 205 228 244 308 435 455 481
942 942 11 21 37 102 119 136 158 202 311 376 457 473
943 943 10 2 90 125 159 187 291 358 430 449 478
944 944 16 60 143 151 220 240 274 310 322 331 345 365 366 376 428 445 458
945 945 16 47 78 89 91 99 141 186 261 288 298 319 322 323 336 375 451
946 946 10 2 25 37 56 121 191 196 396 417 425
947 947 8 111 121 177 194 241 292 324 408
948 948 11 22 46 56 128 140 154 186 188 195 221 402
949 949 9 34 48 200 218 287 292 356 385 390
950 950 6 135 163 254 410 411 494
951 951 17 14 46 103 162 167 181 186 202 324 348 388 390 404 427 477 489 497
952 952 12 18 34 124 220 250 300 403 407 433 443 448 492
953 953 13 30 34 42 49 66 122 187 196 242 279 410 431 443
954 954 12 19 26 94 112 165 181 258 265 281 328 408 495
955 955 9 1 67 136 203 218 240 279 319 445
956 956 8 14 70 140 179 187 235 288 440
957 957 7 34 181 315 341 349 374 407
958 958 20 4 108 111 117 170 177 184 186 187 215 240 254 261 288 308 328 367 395 437 449
959 959 6 108 215 239 351 425 474
960 960 13 49 86 239 261 308 322 352 389 403 406 441 451 485
961 961 13 6 86 233 266 292 318 324 336 344 372 390 427 455
962 962 3 234 390 474
963 963 17 39 90 144 152 162 190 202 250 274 302 308 310 323 416 419 421 492
964 964 13 16 29 48 50 111 116 210 305 321 356 392 401 419
965 965 8 14 134 160 187 249 288 315 344
966 966 6 99 110 178 240 458 482
967 967 8 37 45 99 111 164 244 279 288
968 968 10 14 97 102 162 276 322 323 403 460 482
969 969 10 49 110 170 186 287 322 384 386 402 408
970 970 4 89 94 140 141
971 971 10 47 89 146 187 203 236 388 389 398 427
972 972 14 29 105 134 141 157 162 170 239 285 303 308 376 482 489
973 973 13 1 38 134 166 170 210 240 243 308 417 422 425 443
974 974 19 32 37 74 88 140 159 185 193 194 211 234 262 292 326 356 390 406 466 474
975 975 7 14 37 86 331 378 403 406
976 976 12 147 161 186 286 308 322 366 395 425 443 470 473
977 977 10 3 186 190 197 240 308 315 335 387 424
978 978 8 78 161 194 252 277 357 405 489
979 979 8 60 108 130 141 268 293 295 441
980 980 10 18 75 167 215 218 222 273 331 426 445
981 981 11 78 154 186 221 233 351 389 401 408 474 495
982 982 10 56 87 132 186 267 308 312 403 408 425
983 983 5 29 56 254 389 454
984 984 5 97 118 138 254 269
985 985 14 16 43 100 142 190 265 275 294 311 388 426 445 449 470
986 986 6 108 149 178 330 482 492
987 987 7 102 136 258 326 408 457 473
988 988 4 210 221 385 401
989 989 13 60 78 202 209 222 241 250 277 302 390 394 435 443
990 990 10 3 21 97 159 191 310 374 389 403 477
991 991 15 140 185 214 218 240 244 270 279 291 308 406 419 455 457 481
992 992 6 41 56 132 151 163 177
993 993 11 4 48 56 58 60 249 265 288 395 437 482
994 994 8 14 103 116 186 202 219 250 322
995 995 10 2 49 116 161 187 224 355 370 441 448
996 996 18 19 31 34 67 72 79 86 111 120 136 141 250 272 288 359 378 402 444
997 997 19 26 87 112 152 165 181 209 258 261 277 281 293 328 343 386 396 416 422 495
998 998 11 84 116 140 147 178 186 202 313 438 485 499
999 999 13 48 75 129 218 292 296 315 335 375 387 412 426 445
1000 1000 10 111 161 190 202 218 285 308 319 465 492
